$GNGGA,035415.00,2446.76592,N,12059.42048,E,1,12,0.77,185.9,M,16.3,M,,*48
$GNGSA,A,3,28,30,32,06,23,08,17,19,01,,,,1.59,0.77,1.39*12
$GNGSA,A,3,82,65,81,80,79,,,,,,,,1.59,0.77,1.39*1C
$GPGSV,4,1,14,01,29,038,17,03,52,077,,04,05,050,,06,27,251,28*71
$GPGSV,4,2,14,07,07,184,17,08,07,096,14,09,02,160,,11,22,055,*78
$GPGSV,4,3,14,17,39,326,38,19,18,082,15,23,05,122,29,28,78,316,34*7C
$GPGSV,4,4,14,30,23,212,13,32,19,048,15*7C
$GLGSV,3,1,09,65,20,045,12,66,42,105,,67,20,163,,78,27,201,*61
$GLGSV,3,2,09,79,46,259,23,80,16,322,24,81,36,016,26,82,20,302,18*6B
$GLGSV,3,3,09,88,18,056,*56
$GNGLL,2446.76592,N,12059.42048,E,035415.00,A,A*7F
$GNRMC,035416.00,A,2446.76606,N,12059.42015,E,0.206,,160915,,,A*6D
$GNVTG,,T,,M,0.206,N,0.381,K,A*33